{
  "metadata": {
    "cost_components": {
      "travel_time": 1,
      "total_tardiness": 1,
      "highest_tardiness": 1
    },
    "area": null,
    "name": "InstanzCPLEX_HCSRP_25_8",
    "origin": "mankowska"
  },
  "distances": [
    [
      0.0,
      34.234,
      22.472,
      33.734,
      24.597,
      29.732,
      20.125,
      37.363,
      63.348,
      30.61,
      18.974,
      22.361,
      32.65,
      56.939,
      35.511,
      13.342,
      19.849,
      30.0,
      25.179,
      32.202,
      33.015,
      24.083,
      45.651,
      31.623,
      53.235,
      66.483
    ],
    [
      34.234,
      0.0,
      45.31,
      11.045,
      29.206,
      33.941,
      53.6,
      6.325,
      29.411,
      56.648,
      31.305,
      42.048,
      55.009,
      29.155,
      69.721,
      40.719,
      28.32,
      59.666,
      11.402,
      54.12,
      67.186,
      58.31,
      18.974,
      63.906,
      24.698,
      37.202
    ],
    [
      22.472,
      45.31,
      0.0,
      49.649,
      19.026,
      19.313,
      31.623,
      45.354,
      70.456,
      11.402,
      14.318,
      4.123,
      10.63,
      57.559,
      38.184,
      34.366,
      41.677,
      16.279,
      40.804,
      10.0,
      33.302,
      28.018,
      48.01,
      42.953,
      55.145,
      81.884
    ],
    [
      33.734,
      11.045,
      49.649,
      0.0,
      36.401,
      41.881,
      51.039,
      17.263,
      35.228,
      60.539,
      36.797,
      47.011,
      60.0,
      39.395,
      68.007,
      36.497,
      21.541,
      62.241,
      8.944,
      59.203,
      66.272,
      57.219,
      29.833,
      60.017,
      34.928,
      32.894
    ],
    [
      24.597,
      29.206,
      19.026,
      36.401,
      0.0,
      6.083,
      42.45,
      27.731,
      51.788,
      30.067,
      6.403,
      15.0,
      26.926,
      38.639,
      53.852,
      37.696,
      37.054,
      35.228,
      28.653,
      25.962,
      49.649,
      42.438,
      29.0,
      54.489,
      36.125,
      66.4
    ],
    [
      29.732,
      33.941,
      19.313,
      41.881,
      6.083,
      0.0,
      46.4,
      31.623,
      54.12,
      29.275,
      10.77,
      15.232,
      25.02,
      39.013,
      56.4,
      43.012,
      43.105,
      35.44,
      34.438,
      24.021,
      51.865,
      45.343,
      30.594,
      58.412,
      37.121,
      70.937
    ],
    [
      20.125,
      53.6,
      31.623,
      51.039,
      42.45,
      46.4,
      0.0,
      57.245,
      82.97,
      33.015,
      36.125,
      34.015,
      38.118,
      77.026,
      17.263,
      15.524,
      31.575,
      27.659,
      43.417,
      38.21,
      17.0,
      9.22,
      65.765,
      12.042,
      73.355,
      82.492
    ],
    [
      37.363,
      6.325,
      45.354,
      17.263,
      27.731,
      31.623,
      57.245,
      0.0,
      26.173,
      56.754,
      31.048,
      41.761,
      54.424,
      23.022,
      72.78,
      45.277,
      33.971,
      60.531,
      17.029,
      53.488,
      69.871,
      61.188,
      12.649,
      68.029,
      18.601,
      39.598
    ],
    [
      63.348,
      29.411,
      70.456,
      35.228,
      51.788,
      54.12,
      82.97,
      26.173,
      0.0,
      81.744,
      56.223,
      66.611,
      78.645,
      20.616,
      98.843,
      70.007,
      56.436,
      86.145,
      40.311,
      77.666,
      96.026,
      87.298,
      23.77,
      93.301,
      19.209,
      31.064
    ],
    [
      30.61,
      56.648,
      11.402,
      60.539,
      30.067,
      29.275,
      33.015,
      56.754,
      81.744,
      0.0,
      25.71,
      15.133,
      6.403,
      68.184,
      34.0,
      40.311,
      50.448,
      7.81,
      51.624,
      7.071,
      28.653,
      26.476,
      59.034,
      42.579,
      66.008,
      93.022
    ],
    [
      18.974,
      31.305,
      14.318,
      36.797,
      6.403,
      10.77,
      36.125,
      31.048,
      56.223,
      25.71,
      0.0,
      10.77,
      23.707,
      44.385,
      47.508,
      32.28,
      33.734,
      30.0,
      28.32,
      22.825,
      43.382,
      36.056,
      34.234,
      48.166,
      41.593,
      68.264
    ],
    [
      22.361,
      42.048,
      4.123,
      47.011,
      15.0,
      15.232,
      34.015,
      41.761,
      66.611,
      15.133,
      10.77,
      0.0,
      13.038,
      53.46,
      41.773,
      35.014,
      40.719,
      20.396,
      38.288,
      12.207,
      37.014,
      31.241,
      44.0,
      45.651,
      51.088,
      78.892
    ],
    [
      32.65,
      55.009,
      10.63,
      60.0,
      26.926,
      25.02,
      38.118,
      54.424,
      78.645,
      6.403,
      23.707,
      13.038,
      0.0,
      64.0,
      40.311,
      43.681,
      52.154,
      14.213,
      51.225,
      1.0,
      34.986,
      32.28,
      55.444,
      48.27,
      62.129,
      91.924
    ],
    [
      56.939,
      29.155,
      57.559,
      39.395,
      38.639,
      39.013,
      77.026,
      23.022,
      20.616,
      68.184,
      44.385,
      53.46,
      64.0,
      0.0,
      91.0,
      66.843,
      56.851,
      73.824,
      40.0,
      63.0,
      87.316,
      79.31,
      11.402,
      88.51,
      4.472,
      49.336
    ],
    [
      35.511,
      69.721,
      38.184,
      68.007,
      53.852,
      56.4,
      17.263,
      72.78,
      98.843,
      34.0,
      47.508,
      41.773,
      40.311,
      91.0,
      0.0,
      32.757,
      48.836,
      26.401,
      60.075,
      40.817,
      5.385,
      11.705,
      80.056,
      15.0,
      87.664,
      99.725
    ],
    [
      13.342,
      40.719,
      34.366,
      36.497,
      37.696,
      43.012,
      15.524,
      45.277,
      70.007,
      40.311,
      32.28,
      35.014,
      43.681,
      66.843,
      32.757,
      0.0,
      16.125,
      37.443,
      29.732,
      43.417,
      32.311,
      23.707,
      55.444,
      23.537,
      62.801,
      67.186
    ],
    [
      19.849,
      28.32,
      41.677,
      21.541,
      37.054,
      43.105,
      31.575,
      33.971,
      56.436,
      50.448,
      33.734,
      40.719,
      52.154,
      56.851,
      48.836,
      16.125,
      0.0,
      49.578,
      16.971,
      51.624,
      48.083,
      39.217,
      45.804,
      39.115,
      52.498,
      51.088
    ],
    [
      30.0,
      59.666,
      16.279,
      62.241,
      35.228,
      35.44,
      27.659,
      60.531,
      86.145,
      7.81,
      30.0,
      20.396,
      14.213,
      73.824,
      26.401,
      37.443,
      49.578,
      0.0,
      53.31,
      14.866,
      21.024,
      20.0,
      64.125,
      36.056,
      71.344,
      95.079
    ],
    [
      25.179,
      11.402,
      40.804,
      8.944,
      28.653,
      34.438,
      43.417,
      17.029,
      40.311,
      51.624,
      28.32,
      38.288,
      51.225,
      40.0,
      60.075,
      29.732,
      16.971,
      53.31,
      0.0,
      50.448,
      58.034,
      49.01,
      29.155,
      53.16,
      35.609,
      41.785
    ],
    [
      32.202,
      54.12,
      10.0,
      59.203,
      25.962,
      24.021,
      38.21,
      53.488,
      77.666,
      7.071,
      22.825,
      12.207,
      1.0,
      63.0,
      40.817,
      43.417,
      51.624,
      14.866,
      50.448,
      0.0,
      35.511,
      32.573,
      54.452,
      48.508,
      61.131,
      91.066
    ],
    [
      33.015,
      67.186,
      33.302,
      66.272,
      49.649,
      51.865,
      17.0,
      69.871,
      96.026,
      28.653,
      43.382,
      37.014,
      34.986,
      87.316,
      5.385,
      32.311,
      48.083,
      21.024,
      58.034,
      35.511,
      0.0,
      9.055,
      76.538,
      18.385,
      84.119,
      98.478
    ],
    [
      24.083,
      58.31,
      28.018,
      57.219,
      42.438,
      45.343,
      9.22,
      61.188,
      87.298,
      26.476,
      36.056,
      31.241,
      32.28,
      79.31,
      11.705,
      23.707,
      39.217,
      20.0,
      49.01,
      32.573,
      9.055,
      0.0,
      68.352,
      16.125,
      75.961,
      89.443
    ],
    [
      45.651,
      18.974,
      48.01,
      29.833,
      29.0,
      30.594,
      65.765,
      12.649,
      23.77,
      59.034,
      34.234,
      44.0,
      55.444,
      11.402,
      80.056,
      55.444,
      45.804,
      64.125,
      29.155,
      54.452,
      76.538,
      68.352,
      0.0,
      77.175,
      7.616,
      46.648
    ],
    [
      31.623,
      63.906,
      42.953,
      60.017,
      54.489,
      58.412,
      12.042,
      68.029,
      93.301,
      42.579,
      48.166,
      45.651,
      48.27,
      88.51,
      15.0,
      23.537,
      39.115,
      36.056,
      53.16,
      48.508,
      18.385,
      16.125,
      77.175,
      0.0,
      84.723,
      90.0
    ],
    [
      53.235,
      24.698,
      55.145,
      34.928,
      36.125,
      37.121,
      73.355,
      18.601,
      19.209,
      66.008,
      41.593,
      51.088,
      62.129,
      4.472,
      87.664,
      62.801,
      52.498,
      71.344,
      35.609,
      61.131,
      84.119,
      75.961,
      7.616,
      84.723,
      0.0,
      46.239
    ],
    [
      66.483,
      37.202,
      81.884,
      32.894,
      66.4,
      70.937,
      82.492,
      39.598,
      31.064,
      93.022,
      68.264,
      78.892,
      91.924,
      49.336,
      99.725,
      67.186,
      51.088,
      95.079,
      41.785,
      91.066,
      98.478,
      89.443,
      46.648,
      90.0,
      46.239,
      0.0
    ]
  ],
  "terminal_points": [
    {
      "id": "d",
      "distance_matrix_index": 0,
      "location": [
        64.0,
        18.0
      ]
    }
  ],
  "caregivers": [
    {
      "id": "c1",
      "abilities": [
        "s1",
        "s2"
      ],
      "departing_point": "d",
      "arrival_point": "d"
    },
    {
      "id": "c2",
      "abilities": [
        "s1",
        "s3"
      ],
      "departing_point": "d",
      "arrival_point": "d"
    },
    {
      "id": "c3",
      "abilities": [
        "s4",
        "s5",
        "s6"
      ],
      "departing_point": "d",
      "arrival_point": "d"
    },
    {
      "id": "c4",
      "abilities": [
        "s5",
        "s6"
      ],
      "departing_point": "d",
      "arrival_point": "d"
    },
    {
      "id": "c5",
      "abilities": [
        "s4",
        "s5",
        "s6"
      ],
      "departing_point": "d",
      "arrival_point": "d"
    }
  ],
  "patients": [
    {
      "id": "p1",
      "required_services": [
        {
          "service": "s5",
          "duration": 13
        }
      ],
      "distance_matrix_index": 1,
      "time_windows": [
        {
          "start": 124.0,
          "end": 244.0
        }
      ],
      "location": [
        30.0,
        22.0
      ]
    },
    {
      "id": "p2",
      "required_services": [
        {
          "service": "s5",
          "duration": 13
        }
      ],
      "distance_matrix_index": 2,
      "time_windows": [
        {
          "start": 316.0,
          "end": 436.0
        }
      ],
      "location": [
        72.0,
        39.0
      ]
    },
    {
      "id": "p3",
      "required_services": [
        {
          "service": "s5",
          "duration": 13
        }
      ],
      "distance_matrix_index": 3,
      "time_windows": [
        {
          "start": 370.0,
          "end": 490.0
        }
      ],
      "location": [
        31.0,
        11.0
      ]
    },
    {
      "id": "p4",
      "required_services": [
        {
          "service": "s2",
          "duration": 13
        }
      ],
      "distance_matrix_index": 4,
      "time_windows": [
        {
          "start": 301.0,
          "end": 421.0
        }
      ],
      "location": [
        53.0,
        40.0
      ]
    },
    {
      "id": "p5",
      "required_services": [
        {
          "service": "s1",
          "duration": 13
        }
      ],
      "distance_matrix_index": 5,
      "time_windows": [
        {
          "start": 372.0,
          "end": 492.0
        }
      ],
      "location": [
        54.0,
        46.0
      ]
    },
    {
      "id": "p6",
      "required_services": [
        {
          "service": "s3",
          "duration": 13
        }
      ],
      "distance_matrix_index": 6,
      "time_windows": [
        {
          "start": 278.0,
          "end": 398.0
        }
      ],
      "location": [
        82.0,
        9.0
      ]
    },
    {
      "id": "p7",
      "required_services": [
        {
          "service": "s4",
          "duration": 13
        }
      ],
      "distance_matrix_index": 7,
      "time_windows": [
        {
          "start": 51.0,
          "end": 171.0
        }
      ],
      "location": [
        28.0,
        28.0
      ]
    },
    {
      "id": "p8",
      "required_services": [
        {
          "service": "s6",
          "duration": 13
        }
      ],
      "distance_matrix_index": 8,
      "time_windows": [
        {
          "start": 11.0,
          "end": 131.0
        }
      ],
      "location": [
        2.0,
        31.0
      ]
    },
    {
      "id": "p9",
      "required_services": [
        {
          "service": "s6",
          "duration": 13
        }
      ],
      "distance_matrix_index": 9,
      "time_windows": [
        {
          "start": 413.0,
          "end": 533.0
        }
      ],
      "location": [
        83.0,
        42.0
      ]
    },
    {
      "id": "p10",
      "required_services": [
        {
          "service": "s1",
          "duration": 13
        }
      ],
      "distance_matrix_index": 10,
      "time_windows": [
        {
          "start": 0.0,
          "end": 120.0
        }
      ],
      "location": [
        58.0,
        36.0
      ]
    },
    {
      "id": "p11",
      "required_services": [
        {
          "service": "s1",
          "duration": 13
        }
      ],
      "distance_matrix_index": 11,
      "time_windows": [
        {
          "start": 114.0,
          "end": 234.0
        }
      ],
      "location": [
        68.0,
        40.0
      ]
    },
    {
      "id": "p12",
      "required_services": [
        {
          "service": "s3",
          "duration": 13
        }
      ],
      "distance_matrix_index": 12,
      "time_windows": [
        {
          "start": 290.0,
          "end": 410.0
        }
      ],
      "location": [
        79.0,
        47.0
      ]
    },
    {
      "id": "p13",
      "required_services": [
        {
          "service": "s3",
          "duration": 13
        }
      ],
      "distance_matrix_index": 13,
      "time_windows": [
        {
          "start": 302.0,
          "end": 422.0
        }
      ],
      "location": [
        15.0,
        47.0
      ]
    },
    {
      "id": "p14",
      "required_services": [
        {
          "service": "s6",
          "duration": 13
        }
      ],
      "distance_matrix_index": 14,
      "time_windows": [
        {
          "start": 137.0,
          "end": 257.0
        }
      ],
      "location": [
        99.0,
        12.0
      ]
    },
    {
      "id": "p15",
      "required_services": [
        {
          "service": "s5",
          "duration": 13
        }
      ],
      "distance_matrix_index": 15,
      "time_windows": [
        {
          "start": 268.0,
          "end": 388.0
        }
      ],
      "location": [
        67.0,
        5.0
      ]
    },
    {
      "id": "p16",
      "required_services": [
        {
          "service": "s1",
          "duration": 13
        }
      ],
      "distance_matrix_index": 16,
      "time_windows": [
        {
          "start": 348.0,
          "end": 468.0
        }
      ],
      "location": [
        51.0,
        3.0
      ]
    },
    {
      "id": "p17",
      "required_services": [
        {
          "service": "s1",
          "duration": 13
        }
      ],
      "distance_matrix_index": 17,
      "time_windows": [
        {
          "start": 102.0,
          "end": 222.0
        }
      ],
      "location": [
        88.0,
        36.0
      ]
    },
    {
      "id": "p18",
      "required_services": [
        {
          "service": "s4",
          "duration": 13
        },
        {
          "service": "s5",
          "duration": 13
        }
      ],
      "distance_matrix_index": 18,
      "time_windows": [
        {
          "start": 469.0,
          "end": 589.0
        }
      ],
      "location": [
        39.0,
        15.0
      ],
      "synchronization": {
        "type": "simultaneous"
      }
    },
    {
      "id": "p19",
      "required_services": [
        {
          "service": "s5",
          "duration": 13
        },
        {
          "service": "s6",
          "duration": 13
        }
      ],
      "distance_matrix_index": 19,
      "time_windows": [
        {
          "start": 243.0,
          "end": 363.0
        }
      ],
      "location": [
        78.0,
        47.0
      ],
      "synchronization": {
        "type": "simultaneous"
      }
    },
    {
      "id": "p20",
      "required_services": [
        {
          "service": "s5",
          "duration": 13
        },
        {
          "service": "s6",
          "duration": 13
        }
      ],
      "distance_matrix_index": 20,
      "time_windows": [
        {
          "start": 255.0,
          "end": 375.0
        }
      ],
      "location": [
        97.0,
        17.0
      ],
      "synchronization": {
        "type": "simultaneous"
      }
    },
    {
      "id": "p21",
      "required_services": [
        {
          "service": "s4",
          "duration": 13
        },
        {
          "service": "s5",
          "duration": 13
        }
      ],
      "distance_matrix_index": 21,
      "time_windows": [
        {
          "start": 78.0,
          "end": 198.0
        }
      ],
      "location": [
        88.0,
        16.0
      ],
      "synchronization": {
        "type": "simultaneous"
      }
    },
    {
      "id": "p22",
      "required_services": [
        {
          "service": "s1",
          "duration": 13
        },
        {
          "service": "s4",
          "duration": 13
        }
      ],
      "distance_matrix_index": 22,
      "time_windows": [
        {
          "start": 121.0,
          "end": 241.0
        }
      ],
      "location": [
        24.0,
        40.0
      ],
      "synchronization": {
        "type": "sequential",
        "distance": {
          "min": 28,
          "max": 56
        }
      }
    },
    {
      "id": "p23",
      "required_services": [
        {
          "service": "s3",
          "duration": 13
        },
        {
          "service": "s6",
          "duration": 13
        }
      ],
      "distance_matrix_index": 23,
      "time_windows": [
        {
          "start": 128.0,
          "end": 248.0
        }
      ],
      "location": [
        90.0,
        0.0
      ],
      "synchronization": {
        "type": "sequential",
        "distance": {
          "min": 43,
          "max": 86
        }
      }
    },
    {
      "id": "p24",
      "required_services": [
        {
          "service": "s2",
          "duration": 13
        },
        {
          "service": "s5",
          "duration": 13
        }
      ],
      "distance_matrix_index": 24,
      "time_windows": [
        {
          "start": 220.0,
          "end": 340.0
        }
      ],
      "location": [
        17.0,
        43.0
      ],
      "synchronization": {
        "type": "sequential",
        "distance": {
          "min": 9,
          "max": 18
        }
      }
    },
    {
      "id": "p25",
      "required_services": [
        {
          "service": "s3",
          "duration": 13
        },
        {
          "service": "s5",
          "duration": 13
        }
      ],
      "distance_matrix_index": 25,
      "time_windows": [
        {
          "start": 59.0,
          "end": 179.0
        }
      ],
      "location": [
        0.0,
        0.0
      ],
      "synchronization": {
        "type": "sequential",
        "distance": {
          "min": 16,
          "max": 32
        }
      }
    }
  ],
  "services": [
    {
      "id": "s1",
      "type": "s1",
      "default_duration": 13
    },
    {
      "id": "s2",
      "type": "s2",
      "default_duration": 13
    },
    {
      "id": "s3",
      "type": "s3",
      "default_duration": 13
    },
    {
      "id": "s4",
      "type": "s4",
      "default_duration": 13
    },
    {
      "id": "s5",
      "type": "s5",
      "default_duration": 13
    },
    {
      "id": "s6",
      "type": "s6",
      "default_duration": 13
    }
  ]
}