{
  "metadata": {
    "cost_components": {
      "travel_time": 1,
      "total_tardiness": 1,
      "highest_tardiness": 1
    },
    "area": null,
    "name": "InstanzCPLEX_HCSRP_25_6",
    "origin": "mankowska"
  },
  "distances": [
    [
      0.0,
      55.444,
      30.15,
      68.68,
      80.604,
      7.616,
      23.022,
      20.125,
      45.31,
      41.761,
      19.105,
      87.864,
      86.683,
      85.071,
      20.224,
      53.339,
      18.682,
      66.129,
      44.385,
      50.249,
      59.008,
      46.648,
      8.485,
      58.189,
      78.262,
      33.838
    ],
    [
      55.444,
      0.0,
      25.318,
      28.231,
      33.242,
      59.666,
      61.774,
      40.311,
      27.295,
      24.207,
      62.65,
      39.825,
      38.419,
      42.012,
      35.228,
      13.153,
      55.902,
      30.806,
      21.633,
      5.385,
      7.211,
      34.438,
      62.37,
      26.0,
      30.414,
      76.662
    ],
    [
      30.15,
      25.318,
      0.0,
      42.19,
      52.555,
      34.482,
      38.949,
      16.971,
      23.324,
      18.028,
      38.833,
      59.808,
      58.524,
      58.669,
      10.0,
      24.698,
      32.65,
      41.231,
      19.105,
      20.1,
      29.069,
      28.792,
      37.108,
      33.302,
      49.98,
      53.907
    ],
    [
      68.68,
      28.231,
      42.19,
      0.0,
      13.342,
      70.036,
      65.123,
      49.031,
      24.083,
      26.926,
      68.0,
      20.025,
      19.105,
      16.553,
      50.99,
      18.385,
      61.008,
      5.657,
      24.352,
      28.844,
      21.19,
      26.476,
      73.164,
      11.0,
      12.083,
      78.09
    ],
    [
      80.604,
      33.242,
      52.555,
      13.342,
      0.0,
      82.492,
      78.313,
      61.4,
      37.014,
      39.205,
      81.056,
      7.28,
      6.083,
      10.198,
      61.984,
      27.857,
      74.027,
      18.385,
      36.346,
      35.805,
      26.249,
      39.812,
      85.586,
      24.187,
      2.828,
      91.411
    ],
    [
      7.616,
      59.666,
      34.482,
      70.036,
      82.492,
      0.0,
      16.492,
      21.095,
      46.098,
      43.29,
      12.042,
      89.677,
      88.566,
      86.122,
      25.08,
      56.009,
      13.601,
      66.94,
      46.174,
      54.342,
      62.514,
      46.239,
      3.162,
      59.228,
      80.306,
      26.249
    ],
    [
      23.022,
      61.774,
      38.949,
      65.123,
      78.313,
      16.492,
      0.0,
      22.023,
      41.437,
      40.522,
      5.0,
      85.147,
      84.214,
      80.056,
      32.202,
      54.708,
      6.403,
      61.0,
      43.681,
      56.436,
      62.769,
      39.013,
      18.385,
      54.148,
      76.531,
      15.0
    ],
    [
      20.125,
      40.311,
      16.971,
      49.031,
      61.4,
      21.095,
      22.023,
      0.0,
      25.298,
      22.204,
      22.361,
      68.593,
      67.476,
      65.253,
      12.166,
      35.128,
      15.811,
      46.174,
      25.08,
      34.928,
      42.202,
      26.627,
      24.187,
      38.328,
      59.211,
      37.014
    ],
    [
      45.31,
      27.295,
      23.324,
      24.083,
      37.014,
      46.098,
      41.437,
      25.298,
      0.0,
      5.385,
      44.045,
      44.011,
      43.0,
      40.025,
      29.732,
      15.556,
      37.014,
      20.881,
      6.083,
      23.409,
      24.759,
      7.28,
      49.244,
      13.153,
      35.128,
      55.082
    ],
    [
      41.761,
      24.207,
      18.028,
      26.926,
      39.205,
      43.29,
      40.522,
      22.204,
      5.385,
      0.0,
      42.579,
      46.39,
      45.277,
      43.324,
      25.0,
      14.318,
      35.511,
      24.597,
      3.162,
      19.723,
      23.022,
      12.0,
      46.39,
      16.553,
      37.054,
      54.781
    ],
    [
      19.105,
      62.65,
      38.833,
      68.0,
      81.056,
      12.042,
      5.0,
      22.361,
      44.045,
      42.579,
      0.0,
      88.006,
      87.023,
      83.295,
      31.113,
      56.515,
      7.071,
      64.125,
      45.706,
      57.271,
      64.195,
      42.297,
      13.601,
      57.0,
      79.158,
      15.811
    ],
    [
      87.864,
      39.825,
      59.808,
      20.025,
      7.28,
      89.677,
      85.147,
      68.593,
      44.011,
      46.39,
      88.006,
      0.0,
      1.414,
      9.434,
      69.26,
      35.114,
      81.0,
      24.515,
      43.566,
      42.72,
      33.015,
      46.39,
      92.779,
      31.016,
      9.849,
      98.005
    ],
    [
      86.683,
      38.419,
      58.524,
      19.105,
      6.083,
      88.566,
      84.214,
      67.476,
      43.0,
      45.277,
      87.023,
      1.414,
      0.0,
      9.849,
      68.007,
      33.838,
      80.006,
      23.77,
      42.426,
      41.34,
      31.623,
      45.541,
      91.662,
      30.067,
      8.544,
      97.165
    ],
    [
      85.071,
      42.012,
      58.669,
      16.553,
      10.198,
      86.122,
      80.056,
      65.253,
      40.025,
      43.324,
      83.295,
      9.434,
      9.849,
      0.0,
      67.543,
      34.409,
      76.42,
      19.235,
      40.853,
      43.841,
      34.828,
      41.049,
      89.269,
      26.926,
      12.649,
      92.195
    ],
    [
      20.224,
      35.228,
      10.0,
      50.99,
      61.984,
      25.08,
      32.202,
      12.166,
      29.732,
      25.0,
      31.113,
      69.26,
      68.007,
      67.543,
      0.0,
      34.205,
      25.807,
      49.396,
      26.926,
      30.067,
      39.051,
      33.601,
      27.514,
      41.34,
      59.481,
      46.755
    ],
    [
      53.339,
      13.153,
      24.698,
      18.385,
      27.857,
      56.009,
      54.708,
      35.128,
      15.556,
      14.318,
      56.515,
      35.114,
      33.838,
      34.409,
      34.205,
      0.0,
      49.477,
      19.235,
      11.18,
      11.402,
      9.22,
      22.204,
      59.0,
      13.153,
      25.298,
      69.08
    ],
    [
      18.682,
      55.902,
      32.65,
      61.008,
      74.027,
      13.601,
      6.403,
      15.811,
      37.014,
      35.511,
      7.071,
      81.0,
      80.006,
      76.42,
      25.807,
      49.477,
      0.0,
      57.219,
      38.639,
      50.537,
      57.245,
      35.511,
      16.279,
      50.01,
      72.111,
      21.26
    ],
    [
      66.129,
      30.806,
      41.231,
      5.657,
      18.385,
      66.94,
      61.0,
      46.174,
      20.881,
      24.597,
      64.125,
      24.515,
      23.77,
      19.235,
      49.396,
      19.235,
      57.219,
      0.0,
      22.472,
      30.463,
      24.187,
      22.023,
      70.093,
      8.062,
      17.493,
      73.553
    ],
    [
      44.385,
      21.633,
      19.105,
      24.352,
      36.346,
      46.174,
      43.681,
      25.08,
      6.083,
      3.162,
      45.706,
      43.566,
      42.426,
      40.853,
      26.926,
      11.18,
      38.639,
      22.472,
      0.0,
      17.464,
      20.0,
      13.342,
      49.254,
      14.422,
      34.132,
      57.94
    ],
    [
      50.249,
      5.385,
      20.1,
      28.844,
      35.805,
      54.342,
      56.436,
      34.928,
      23.409,
      19.723,
      57.271,
      42.72,
      41.34,
      43.841,
      30.067,
      11.402,
      50.537,
      30.463,
      17.464,
      0.0,
      9.849,
      30.676,
      57.07,
      24.515,
      33.015,
      71.344
    ],
    [
      59.008,
      7.211,
      29.069,
      21.19,
      26.249,
      62.514,
      62.769,
      42.202,
      24.759,
      23.022,
      64.195,
      33.015,
      31.623,
      34.828,
      39.051,
      9.22,
      57.245,
      24.187,
      20.0,
      9.849,
      0.0,
      31.401,
      65.376,
      20.396,
      23.431,
      77.389
    ],
    [
      46.648,
      34.438,
      28.792,
      26.476,
      39.812,
      46.239,
      39.013,
      26.627,
      7.28,
      12.0,
      42.297,
      46.39,
      45.541,
      41.049,
      33.601,
      22.204,
      35.511,
      22.023,
      13.342,
      30.676,
      31.401,
      0.0,
      49.396,
      15.811,
      38.328,
      51.624
    ],
    [
      8.485,
      62.37,
      37.108,
      73.164,
      85.586,
      3.162,
      18.385,
      24.187,
      49.244,
      46.39,
      13.601,
      92.779,
      91.662,
      89.269,
      27.514,
      59.0,
      16.279,
      70.093,
      49.254,
      57.07,
      65.376,
      49.396,
      0.0,
      62.37,
      83.385,
      26.476
    ],
    [
      58.189,
      26.0,
      33.302,
      11.0,
      24.187,
      59.228,
      54.148,
      38.328,
      13.153,
      16.553,
      57.0,
      31.016,
      30.067,
      26.926,
      41.34,
      13.153,
      50.01,
      8.062,
      14.422,
      24.515,
      20.396,
      15.811,
      62.37,
      0.0,
      22.561,
      67.268
    ],
    [
      78.262,
      30.414,
      49.98,
      12.083,
      2.828,
      80.306,
      76.531,
      59.211,
      35.128,
      37.054,
      79.158,
      9.849,
      8.544,
      12.649,
      59.481,
      25.298,
      72.111,
      17.493,
      34.132,
      33.015,
      23.431,
      38.328,
      83.385,
      22.561,
      0.0,
      89.822
    ],
    [
      33.838,
      76.662,
      53.907,
      78.09,
      91.411,
      26.249,
      15.0,
      37.014,
      55.082,
      54.781,
      15.811,
      98.005,
      97.165,
      92.195,
      46.755,
      69.08,
      21.26,
      73.553,
      57.94,
      71.344,
      77.389,
      51.624,
      26.476,
      67.268,
      89.822,
      0.0
    ]
  ],
  "terminal_points": [
    {
      "id": "d",
      "distance_matrix_index": 0,
      "location": [
        11.0,
        32.0
      ]
    }
  ],
  "caregivers": [
    {
      "id": "c1",
      "abilities": [
        "s1",
        "s2",
        "s3"
      ],
      "departing_point": "d",
      "arrival_point": "d"
    },
    {
      "id": "c2",
      "abilities": [
        "s3"
      ],
      "departing_point": "d",
      "arrival_point": "d"
    },
    {
      "id": "c3",
      "abilities": [
        "s4",
        "s5",
        "s6"
      ],
      "departing_point": "d",
      "arrival_point": "d"
    },
    {
      "id": "c4",
      "abilities": [
        "s4",
        "s5",
        "s6"
      ],
      "departing_point": "d",
      "arrival_point": "d"
    },
    {
      "id": "c5",
      "abilities": [
        "s5",
        "s6"
      ],
      "departing_point": "d",
      "arrival_point": "d"
    }
  ],
  "patients": [
    {
      "id": "p1",
      "required_services": [
        {
          "service": "s2",
          "duration": 19
        }
      ],
      "distance_matrix_index": 1,
      "time_windows": [
        {
          "start": 451.0,
          "end": 571.0
        }
      ],
      "location": [
        66.0,
        39.0
      ]
    },
    {
      "id": "p2",
      "required_services": [
        {
          "service": "s1",
          "duration": 19
        }
      ],
      "distance_matrix_index": 2,
      "time_windows": [
        {
          "start": 156.0,
          "end": 276.0
        }
      ],
      "location": [
        41.0,
        35.0
      ]
    },
    {
      "id": "p3",
      "required_services": [
        {
          "service": "s3",
          "duration": 19
        }
      ],
      "distance_matrix_index": 3,
      "time_windows": [
        {
          "start": 146.0,
          "end": 266.0
        }
      ],
      "location": [
        77.0,
        13.0
      ]
    },
    {
      "id": "p4",
      "required_services": [
        {
          "service": "s1",
          "duration": 19
        }
      ],
      "distance_matrix_index": 4,
      "time_windows": [
        {
          "start": 18.0,
          "end": 138.0
        }
      ],
      "location": [
        90.0,
        16.0
      ]
    },
    {
      "id": "p5",
      "required_services": [
        {
          "service": "s2",
          "duration": 19
        }
      ],
      "distance_matrix_index": 5,
      "time_windows": [
        {
          "start": 1.0,
          "end": 121.0
        }
      ],
      "location": [
        8.0,
        25.0
      ]
    },
    {
      "id": "p6",
      "required_services": [
        {
          "service": "s6",
          "duration": 19
        }
      ],
      "distance_matrix_index": 6,
      "time_windows": [
        {
          "start": 83.0,
          "end": 203.0
        }
      ],
      "location": [
        12.0,
        9.0
      ]
    },
    {
      "id": "p7",
      "required_services": [
        {
          "service": "s6",
          "duration": 19
        }
      ],
      "distance_matrix_index": 7,
      "time_windows": [
        {
          "start": 137.0,
          "end": 257.0
        }
      ],
      "location": [
        29.0,
        23.0
      ]
    },
    {
      "id": "p8",
      "required_services": [
        {
          "service": "s5",
          "duration": 19
        }
      ],
      "distance_matrix_index": 8,
      "time_windows": [
        {
          "start": 124.0,
          "end": 244.0
        }
      ],
      "location": [
        53.0,
        15.0
      ]
    },
    {
      "id": "p9",
      "required_services": [
        {
          "service": "s5",
          "duration": 19
        }
      ],
      "distance_matrix_index": 9,
      "time_windows": [
        {
          "start": 310.0,
          "end": 430.0
        }
      ],
      "location": [
        51.0,
        20.0
      ]
    },
    {
      "id": "p10",
      "required_services": [
        {
          "service": "s6",
          "duration": 19
        }
      ],
      "distance_matrix_index": 10,
      "time_windows": [
        {
          "start": 401.0,
          "end": 521.0
        }
      ],
      "location": [
        9.0,
        13.0
      ]
    },
    {
      "id": "p11",
      "required_services": [
        {
          "service": "s5",
          "duration": 19
        }
      ],
      "distance_matrix_index": 11,
      "time_windows": [
        {
          "start": 28.0,
          "end": 148.0
        }
      ],
      "location": [
        97.0,
        14.0
      ]
    },
    {
      "id": "p12",
      "required_services": [
        {
          "service": "s3",
          "duration": 19
        }
      ],
      "distance_matrix_index": 12,
      "time_windows": [
        {
          "start": 428.0,
          "end": 548.0
        }
      ],
      "location": [
        96.0,
        15.0
      ]
    },
    {
      "id": "p13",
      "required_services": [
        {
          "service": "s1",
          "duration": 19
        }
      ],
      "distance_matrix_index": 13,
      "time_windows": [
        {
          "start": 72.0,
          "end": 192.0
        }
      ],
      "location": [
        92.0,
        6.0
      ]
    },
    {
      "id": "p14",
      "required_services": [
        {
          "service": "s4",
          "duration": 19
        }
      ],
      "distance_matrix_index": 14,
      "time_windows": [
        {
          "start": 471.0,
          "end": 591.0
        }
      ],
      "location": [
        31.0,
        35.0
      ]
    },
    {
      "id": "p15",
      "required_services": [
        {
          "service": "s2",
          "duration": 19
        }
      ],
      "distance_matrix_index": 15,
      "time_windows": [
        {
          "start": 349.0,
          "end": 469.0
        }
      ],
      "location": [
        64.0,
        26.0
      ]
    },
    {
      "id": "p16",
      "required_services": [
        {
          "service": "s1",
          "duration": 19
        }
      ],
      "distance_matrix_index": 16,
      "time_windows": [
        {
          "start": 24.0,
          "end": 144.0
        }
      ],
      "location": [
        16.0,
        14.0
      ]
    },
    {
      "id": "p17",
      "required_services": [
        {
          "service": "s6",
          "duration": 19
        }
      ],
      "distance_matrix_index": 17,
      "time_windows": [
        {
          "start": 173.0,
          "end": 293.0
        }
      ],
      "location": [
        73.0,
        9.0
      ]
    },
    {
      "id": "p18",
      "required_services": [
        {
          "service": "s4",
          "duration": 19
        },
        {
          "service": "s5",
          "duration": 19
        }
      ],
      "distance_matrix_index": 18,
      "time_windows": [
        {
          "start": 120.0,
          "end": 240.0
        }
      ],
      "location": [
        54.0,
        21.0
      ],
      "synchronization": {
        "type": "simultaneous"
      }
    },
    {
      "id": "p19",
      "required_services": [
        {
          "service": "s4",
          "duration": 19
        },
        {
          "service": "s6",
          "duration": 19
        }
      ],
      "distance_matrix_index": 19,
      "time_windows": [
        {
          "start": 271.0,
          "end": 391.0
        }
      ],
      "location": [
        61.0,
        37.0
      ],
      "synchronization": {
        "type": "simultaneous"
      }
    },
    {
      "id": "p20",
      "required_services": [
        {
          "service": "s5",
          "duration": 19
        },
        {
          "service": "s6",
          "duration": 19
        }
      ],
      "distance_matrix_index": 20,
      "time_windows": [
        {
          "start": 98.0,
          "end": 218.0
        }
      ],
      "location": [
        70.0,
        33.0
      ],
      "synchronization": {
        "type": "simultaneous"
      }
    },
    {
      "id": "p21",
      "required_services": [
        {
          "service": "s5",
          "duration": 19
        },
        {
          "service": "s6",
          "duration": 19
        }
      ],
      "distance_matrix_index": 21,
      "time_windows": [
        {
          "start": 249.0,
          "end": 369.0
        }
      ],
      "location": [
        51.0,
        8.0
      ],
      "synchronization": {
        "type": "simultaneous"
      }
    },
    {
      "id": "p22",
      "required_services": [
        {
          "service": "s1",
          "duration": 19
        },
        {
          "service": "s5",
          "duration": 19
        }
      ],
      "distance_matrix_index": 22,
      "time_windows": [
        {
          "start": 128.0,
          "end": 248.0
        }
      ],
      "location": [
        5.0,
        26.0
      ],
      "synchronization": {
        "type": "sequential",
        "distance": {
          "min": 1,
          "max": 2
        }
      }
    },
    {
      "id": "p23",
      "required_services": [
        {
          "service": "s3",
          "duration": 19
        },
        {
          "service": "s4",
          "duration": 19
        }
      ],
      "distance_matrix_index": 23,
      "time_windows": [
        {
          "start": 337.0,
          "end": 457.0
        }
      ],
      "location": [
        66.0,
        13.0
      ],
      "synchronization": {
        "type": "sequential",
        "distance": {
          "min": 39,
          "max": 78
        }
      }
    },
    {
      "id": "p24",
      "required_services": [
        {
          "service": "s3",
          "duration": 19
        },
        {
          "service": "s6",
          "duration": 19
        }
      ],
      "distance_matrix_index": 24,
      "time_windows": [
        {
          "start": 379.0,
          "end": 499.0
        }
      ],
      "location": [
        88.0,
        18.0
      ],
      "synchronization": {
        "type": "sequential",
        "distance": {
          "min": 21,
          "max": 42
        }
      }
    },
    {
      "id": "p25",
      "required_services": [
        {
          "service": "s2",
          "duration": 19
        },
        {
          "service": "s4",
          "duration": 19
        }
      ],
      "distance_matrix_index": 25,
      "time_windows": [
        {
          "start": 56.0,
          "end": 176.0
        }
      ],
      "location": [
        0.0,
        0.0
      ],
      "synchronization": {
        "type": "sequential",
        "distance": {
          "min": 54,
          "max": 108
        }
      }
    }
  ],
  "services": [
    {
      "id": "s1",
      "type": "s1",
      "default_duration": 19
    },
    {
      "id": "s2",
      "type": "s2",
      "default_duration": 19
    },
    {
      "id": "s3",
      "type": "s3",
      "default_duration": 19
    },
    {
      "id": "s4",
      "type": "s4",
      "default_duration": 19
    },
    {
      "id": "s5",
      "type": "s5",
      "default_duration": 19
    },
    {
      "id": "s6",
      "type": "s6",
      "default_duration": 19
    }
  ]
}