{
  "metadata": {
    "cost_components": {
      "travel_time": 1,
      "total_tardiness": 1,
      "highest_tardiness": 1
    },
    "area": null,
    "name": "InstanzCPLEX_HCSRP_10_5",
    "origin": "mankowska"
  },
  "distances": [
    [
      0.0,
      14.765,
      81.0,
      33.061,
      65.069,
      56.321,
      45.651,
      70.725,
      11.402,
      71.021,
      87.367
    ],
    [
      14.765,
      0.0,
      68.359,
      21.932,
      52.154,
      44.922,
      30.887,
      56.036,
      4.0,
      57.219,
      75.505
    ],
    [
      81.0,
      68.359,
      0.0,
      48.042,
      16.279,
      25.71,
      46.53,
      44.777,
      72.339,
      16.279,
      10.0
    ],
    [
      33.061,
      21.932,
      48.042,
      0.0,
      32.388,
      23.345,
      25.0,
      48.549,
      25.632,
      39.56,
      54.332
    ],
    [
      65.069,
      52.154,
      16.279,
      32.388,
      0.0,
      12.728,
      31.401,
      36.497,
      56.143,
      10.296,
      24.597
    ],
    [
      56.321,
      44.922,
      25.71,
      23.345,
      12.728,
      0.0,
      32.249,
      45.1,
      48.765,
      22.804,
      31.064
    ],
    [
      45.651,
      30.887,
      46.53,
      25.0,
      31.401,
      32.249,
      0.0,
      25.495,
      34.438,
      31.623,
      55.758
    ],
    [
      70.725,
      56.036,
      44.777,
      48.549,
      36.497,
      45.1,
      25.495,
      0.0,
      59.363,
      29.155,
      54.708
    ],
    [
      11.402,
      4.0,
      72.339,
      25.632,
      56.143,
      48.765,
      34.438,
      59.363,
      0.0,
      61.205,
      79.429
    ],
    [
      71.021,
      57.219,
      16.279,
      39.56,
      10.296,
      22.804,
      31.623,
      29.155,
      61.205,
      0.0,
      26.249
    ],
    [
      87.367,
      75.505,
      10.0,
      54.332,
      24.597,
      31.064,
      55.758,
      54.708,
      79.429,
      26.249,
      0.0
    ]
  ],
  "terminal_points": [
    {
      "id": "d",
      "distance_matrix_index": 0,
      "location": [
        87.0,
        8.0
      ]
    }
  ],
  "caregivers": [
    {
      "id": "c1",
      "abilities": [
        "s1",
        "s3"
      ],
      "departing_point": "d",
      "arrival_point": "d"
    },
    {
      "id": "c2",
      "abilities": [
        "s4",
        "s5",
        "s6"
      ],
      "departing_point": "d",
      "arrival_point": "d"
    },
    {
      "id": "c3",
      "abilities": [
        "s4",
        "s6"
      ],
      "departing_point": "d",
      "arrival_point": "d"
    }
  ],
  "patients": [
    {
      "id": "p1",
      "required_services": [
        {
          "service": "s6",
          "duration": 10
        }
      ],
      "distance_matrix_index": 1,
      "time_windows": [
        {
          "start": 287.0,
          "end": 407.0
        }
      ],
      "location": [
        74.0,
        15.0
      ]
    },
    {
      "id": "p2",
      "required_services": [
        {
          "service": "s5",
          "duration": 10
        }
      ],
      "distance_matrix_index": 2,
      "time_windows": [
        {
          "start": 172.0,
          "end": 292.0
        }
      ],
      "location": [
        6.0,
        8.0
      ]
    },
    {
      "id": "p3",
      "required_services": [
        {
          "service": "s3",
          "duration": 10
        }
      ],
      "distance_matrix_index": 3,
      "time_windows": [
        {
          "start": 194.0,
          "end": 314.0
        }
      ],
      "location": [
        54.0,
        6.0
      ]
    },
    {
      "id": "p4",
      "required_services": [
        {
          "service": "s3",
          "duration": 10
        }
      ],
      "distance_matrix_index": 4,
      "time_windows": [
        {
          "start": 464.0,
          "end": 584.0
        }
      ],
      "location": [
        22.0,
        11.0
      ]
    },
    {
      "id": "p5",
      "required_services": [
        {
          "service": "s1",
          "duration": 10
        }
      ],
      "distance_matrix_index": 5,
      "time_windows": [
        {
          "start": 426.0,
          "end": 546.0
        }
      ],
      "location": [
        31.0,
        2.0
      ]
    },
    {
      "id": "p6",
      "required_services": [
        {
          "service": "s6",
          "duration": 10
        }
      ],
      "distance_matrix_index": 6,
      "time_windows": [
        {
          "start": 5.0,
          "end": 125.0
        }
      ],
      "location": [
        47.0,
        30.0
      ]
    },
    {
      "id": "p7",
      "required_services": [
        {
          "service": "s5",
          "duration": 10
        }
      ],
      "distance_matrix_index": 7,
      "time_windows": [
        {
          "start": 334.0,
          "end": 454.0
        }
      ],
      "location": [
        28.0,
        47.0
      ]
    },
    {
      "id": "p8",
      "required_services": [
        {
          "service": "s4",
          "duration": 10
        },
        {
          "service": "s6",
          "duration": 10
        }
      ],
      "distance_matrix_index": 8,
      "time_windows": [
        {
          "start": 131.0,
          "end": 251.0
        }
      ],
      "location": [
        78.0,
        15.0
      ],
      "synchronization": {
        "type": "simultaneous"
      }
    },
    {
      "id": "p9",
      "required_services": [
        {
          "service": "s1",
          "duration": 10
        },
        {
          "service": "s5",
          "duration": 10
        }
      ],
      "distance_matrix_index": 9,
      "time_windows": [
        {
          "start": 122.0,
          "end": 242.0
        }
      ],
      "location": [
        17.0,
        20.0
      ],
      "synchronization": {
        "type": "sequential",
        "distance": {
          "min": 33,
          "max": 66
        }
      }
    },
    {
      "id": "p10",
      "required_services": [
        {
          "service": "s1",
          "duration": 10
        },
        {
          "service": "s6",
          "duration": 10
        }
      ],
      "distance_matrix_index": 10,
      "time_windows": [
        {
          "start": 201.0,
          "end": 321.0
        }
      ],
      "location": [
        0.0,
        0.0
      ],
      "synchronization": {
        "type": "sequential",
        "distance": {
          "min": 14,
          "max": 28
        }
      }
    }
  ],
  "services": [
    {
      "id": "s1",
      "type": "s1",
      "default_duration": 10
    },
    {
      "id": "s2",
      "type": "s2",
      "default_duration": 30
    },
    {
      "id": "s3",
      "type": "s3",
      "default_duration": 10
    },
    {
      "id": "s4",
      "type": "s4",
      "default_duration": 10
    },
    {
      "id": "s5",
      "type": "s5",
      "default_duration": 10
    },
    {
      "id": "s6",
      "type": "s6",
      "default_duration": 10
    }
  ]
}