{
  "metadata": {
    "cost_components": {
      "travel_time": 1,
      "total_tardiness": 1,
      "highest_tardiness": 1
    },
    "area": null,
    "name": "InstanzCPLEX_HCSRP_10_4",
    "origin": "mankowska"
  },
  "distances": [
    [
      0.0,
      59.304,
      5.831,
      55.543,
      14.0,
      37.202,
      12.806,
      2.0,
      9.22,
      16.0,
      66.851
    ],
    [
      59.304,
      0.0,
      64.07,
      17.889,
      62.298,
      90.427,
      50.961,
      59.135,
      66.0,
      62.968,
      19.235
    ],
    [
      5.831,
      64.07,
      0.0,
      59.135,
      17.72,
      31.401,
      18.601,
      5.099,
      3.606,
      19.647,
      70.52
    ],
    [
      55.543,
      17.889,
      59.135,
      0.0,
      62.426,
      81.0,
      50.804,
      54.781,
      60.166,
      63.6,
      11.402
    ],
    [
      14.0,
      62.298,
      17.72,
      62.426,
      0.0,
      46.862,
      11.662,
      16.0,
      21.19,
      2.0,
      73.246
    ],
    [
      37.202,
      90.427,
      31.401,
      81.0,
      46.862,
      0.0,
      50.0,
      36.056,
      28.018,
      48.415,
      92.049
    ],
    [
      12.806,
      50.961,
      18.601,
      50.804,
      11.662,
      50.0,
      0.0,
      14.142,
      22.023,
      12.806,
      61.587
    ],
    [
      2.0,
      59.135,
      5.099,
      54.781,
      16.0,
      36.056,
      14.142,
      0.0,
      8.062,
      18.0,
      66.129
    ],
    [
      9.22,
      66.0,
      3.606,
      60.166,
      21.19,
      28.018,
      22.023,
      8.062,
      0.0,
      23.087,
      71.568
    ],
    [
      16.0,
      62.968,
      19.647,
      63.6,
      2.0,
      48.415,
      12.806,
      18.0,
      23.087,
      0.0,
      74.33
    ],
    [
      66.851,
      19.235,
      70.52,
      11.402,
      73.246,
      92.049,
      61.587,
      66.129,
      71.568,
      74.33,
      0.0
    ]
  ],
  "terminal_points": [
    {
      "id": "d",
      "distance_matrix_index": 0,
      "location": [
        62.0,
        25.0
      ]
    }
  ],
  "caregivers": [
    {
      "id": "c1",
      "abilities": [
        "s1",
        "s2",
        "s3"
      ],
      "departing_point": "d",
      "arrival_point": "d"
    },
    {
      "id": "c2",
      "abilities": [
        "s4"
      ],
      "departing_point": "d",
      "arrival_point": "d"
    },
    {
      "id": "c3",
      "abilities": [
        "s4",
        "s5",
        "s6"
      ],
      "departing_point": "d",
      "arrival_point": "d"
    }
  ],
  "patients": [
    {
      "id": "p1",
      "required_services": [
        {
          "service": "s3",
          "duration": 17
        }
      ],
      "distance_matrix_index": 1,
      "time_windows": [
        {
          "start": 182.0,
          "end": 302.0
        }
      ],
      "location": [
        3.0,
        19.0
      ]
    },
    {
      "id": "p2",
      "required_services": [
        {
          "service": "s5",
          "duration": 17
        }
      ],
      "distance_matrix_index": 2,
      "time_windows": [
        {
          "start": 412.0,
          "end": 532.0
        }
      ],
      "location": [
        67.0,
        22.0
      ]
    },
    {
      "id": "p3",
      "required_services": [
        {
          "service": "s4",
          "duration": 17
        }
      ],
      "distance_matrix_index": 3,
      "time_windows": [
        {
          "start": 423.0,
          "end": 543.0
        }
      ],
      "location": [
        11.0,
        3.0
      ]
    },
    {
      "id": "p4",
      "required_services": [
        {
          "service": "s5",
          "duration": 17
        }
      ],
      "distance_matrix_index": 4,
      "time_windows": [
        {
          "start": 358.0,
          "end": 478.0
        }
      ],
      "location": [
        62.0,
        39.0
      ]
    },
    {
      "id": "p5",
      "required_services": [
        {
          "service": "s4",
          "duration": 17
        }
      ],
      "distance_matrix_index": 5,
      "time_windows": [
        {
          "start": 327.0,
          "end": 447.0
        }
      ],
      "location": [
        92.0,
        3.0
      ]
    },
    {
      "id": "p6",
      "required_services": [
        {
          "service": "s4",
          "duration": 17
        }
      ],
      "distance_matrix_index": 6,
      "time_windows": [
        {
          "start": 105.0,
          "end": 225.0
        }
      ],
      "location": [
        52.0,
        33.0
      ]
    },
    {
      "id": "p7",
      "required_services": [
        {
          "service": "s2",
          "duration": 17
        }
      ],
      "distance_matrix_index": 7,
      "time_windows": [
        {
          "start": 151.0,
          "end": 271.0
        }
      ],
      "location": [
        62.0,
        23.0
      ]
    },
    {
      "id": "p8",
      "required_services": [
        {
          "service": "s4",
          "duration": 17
        },
        {
          "service": "s5",
          "duration": 17
        }
      ],
      "distance_matrix_index": 8,
      "time_windows": [
        {
          "start": 406.0,
          "end": 526.0
        }
      ],
      "location": [
        69.0,
        19.0
      ],
      "synchronization": {
        "type": "simultaneous"
      }
    },
    {
      "id": "p9",
      "required_services": [
        {
          "service": "s2",
          "duration": 17
        },
        {
          "service": "s6",
          "duration": 17
        }
      ],
      "distance_matrix_index": 9,
      "time_windows": [
        {
          "start": 462.0,
          "end": 582.0
        }
      ],
      "location": [
        62.0,
        41.0
      ],
      "synchronization": {
        "type": "sequential",
        "distance": {
          "min": 8,
          "max": 16
        }
      }
    },
    {
      "id": "p10",
      "required_services": [
        {
          "service": "s3",
          "duration": 17
        },
        {
          "service": "s6",
          "duration": 17
        }
      ],
      "distance_matrix_index": 10,
      "time_windows": [
        {
          "start": 427.0,
          "end": 547.0
        }
      ],
      "location": [
        0.0,
        0.0
      ],
      "synchronization": {
        "type": "sequential",
        "distance": {
          "min": 27,
          "max": 54
        }
      }
    }
  ],
  "services": [
    {
      "id": "s1",
      "type": "s1",
      "default_duration": 30
    },
    {
      "id": "s2",
      "type": "s2",
      "default_duration": 17
    },
    {
      "id": "s3",
      "type": "s3",
      "default_duration": 17
    },
    {
      "id": "s4",
      "type": "s4",
      "default_duration": 17
    },
    {
      "id": "s5",
      "type": "s5",
      "default_duration": 17
    },
    {
      "id": "s6",
      "type": "s6",
      "default_duration": 17
    }
  ]
}