{
  "metadata": {
    "cost_components": {
      "travel_time": 1,
      "total_tardiness": 1,
      "highest_tardiness": 1
    },
    "area": null,
    "name": "InstanzCPLEX_HCSRP_10_3",
    "origin": "mankowska"
  },
  "distances": [
    [
      0.0,
      39.205,
      24.739,
      37.162,
      30.232,
      51.039,
      43.186,
      47.043,
      54.672,
      61.057,
      35.735
    ],
    [
      39.205,
      0.0,
      19.313,
      39.115,
      50.961,
      80.411,
      75.591,
      78.294,
      66.121,
      76.007,
      43.174
    ],
    [
      24.739,
      19.313,
      0.0,
      23.259,
      31.78,
      61.098,
      56.436,
      59.034,
      49.244,
      58.549,
      44.822
    ],
    [
      37.162,
      39.115,
      23.259,
      0.0,
      19.723,
      48.166,
      47.202,
      48.166,
      27.019,
      37.054,
      66.528
    ],
    [
      30.232,
      50.961,
      31.78,
      19.723,
      0.0,
      30.017,
      27.659,
      29.069,
      24.759,
      30.887,
      65.307
    ],
    [
      51.039,
      80.411,
      61.098,
      48.166,
      30.017,
      0.0,
      10.0,
      5.657,
      34.205,
      30.017,
      85.988
    ],
    [
      43.186,
      75.591,
      56.436,
      47.202,
      27.659,
      10.0,
      0.0,
      4.472,
      39.013,
      37.108,
      77.318
    ],
    [
      47.043,
      78.294,
      59.034,
      48.166,
      29.069,
      5.657,
      4.472,
      0.0,
      37.336,
      34.366,
      81.498
    ],
    [
      54.672,
      66.121,
      49.244,
      27.019,
      24.759,
      34.205,
      39.013,
      37.336,
      0.0,
      10.44,
      88.837
    ],
    [
      61.057,
      76.007,
      58.549,
      37.054,
      30.887,
      30.017,
      37.108,
      34.366,
      10.44,
      0.0,
      96.151
    ],
    [
      35.735,
      43.174,
      44.822,
      66.528,
      65.307,
      85.988,
      77.318,
      81.498,
      88.837,
      96.151,
      0.0
    ]
  ],
  "terminal_points": [
    {
      "id": "d",
      "distance_matrix_index": 0,
      "location": [
        34.0,
        11.0
      ]
    }
  ],
  "caregivers": [
    {
      "id": "c1",
      "abilities": [
        "s1",
        "s2",
        "s3"
      ],
      "departing_point": "d",
      "arrival_point": "d"
    },
    {
      "id": "c2",
      "abilities": [
        "s4",
        "s5",
        "s6"
      ],
      "departing_point": "d",
      "arrival_point": "d"
    },
    {
      "id": "c3",
      "abilities": [
        "s4",
        "s5"
      ],
      "departing_point": "d",
      "arrival_point": "d"
    }
  ],
  "patients": [
    {
      "id": "p1",
      "required_services": [
        {
          "service": "s3",
          "duration": 16
        }
      ],
      "distance_matrix_index": 1,
      "time_windows": [
        {
          "start": 134.0,
          "end": 254.0
        }
      ],
      "location": [
        10.0,
        42.0
      ]
    },
    {
      "id": "p2",
      "required_services": [
        {
          "service": "s3",
          "duration": 16
        }
      ],
      "distance_matrix_index": 2,
      "time_windows": [
        {
          "start": 140.0,
          "end": 260.0
        }
      ],
      "location": [
        28.0,
        35.0
      ]
    },
    {
      "id": "p3",
      "required_services": [
        {
          "service": "s1",
          "duration": 16
        }
      ],
      "distance_matrix_index": 3,
      "time_windows": [
        {
          "start": 450.0,
          "end": 570.0
        }
      ],
      "location": [
        49.0,
        45.0
      ]
    },
    {
      "id": "p4",
      "required_services": [
        {
          "service": "s2",
          "duration": 16
        }
      ],
      "distance_matrix_index": 4,
      "time_windows": [
        {
          "start": 181.0,
          "end": 301.0
        }
      ],
      "location": [
        59.0,
        28.0
      ]
    },
    {
      "id": "p5",
      "required_services": [
        {
          "service": "s1",
          "duration": 16
        }
      ],
      "distance_matrix_index": 5,
      "time_windows": [
        {
          "start": 408.0,
          "end": 528.0
        }
      ],
      "location": [
        85.0,
        13.0
      ]
    },
    {
      "id": "p6",
      "required_services": [
        {
          "service": "s1",
          "duration": 16
        }
      ],
      "distance_matrix_index": 6,
      "time_windows": [
        {
          "start": 162.0,
          "end": 282.0
        }
      ],
      "location": [
        77.0,
        7.0
      ]
    },
    {
      "id": "p7",
      "required_services": [
        {
          "service": "s4",
          "duration": 16
        }
      ],
      "distance_matrix_index": 7,
      "time_windows": [
        {
          "start": 69.0,
          "end": 189.0
        }
      ],
      "location": [
        81.0,
        9.0
      ]
    },
    {
      "id": "p8",
      "required_services": [
        {
          "service": "s4",
          "duration": 16
        },
        {
          "service": "s5",
          "duration": 16
        }
      ],
      "distance_matrix_index": 8,
      "time_windows": [
        {
          "start": 244.0,
          "end": 364.0
        }
      ],
      "location": [
        76.0,
        46.0
      ],
      "synchronization": {
        "type": "simultaneous"
      }
    },
    {
      "id": "p9",
      "required_services": [
        {
          "service": "s2",
          "duration": 16
        },
        {
          "service": "s6",
          "duration": 16
        }
      ],
      "distance_matrix_index": 9,
      "time_windows": [
        {
          "start": 19.0,
          "end": 139.0
        }
      ],
      "location": [
        86.0,
        43.0
      ],
      "synchronization": {
        "type": "sequential",
        "distance": {
          "min": 2,
          "max": 4
        }
      }
    },
    {
      "id": "p10",
      "required_services": [
        {
          "service": "s2",
          "duration": 16
        },
        {
          "service": "s4",
          "duration": 16
        }
      ],
      "distance_matrix_index": 10,
      "time_windows": [
        {
          "start": 121.0,
          "end": 241.0
        }
      ],
      "location": [
        0.0,
        0.0
      ],
      "synchronization": {
        "type": "sequential",
        "distance": {
          "min": 35,
          "max": 70
        }
      }
    }
  ],
  "services": [
    {
      "id": "s1",
      "type": "s1",
      "default_duration": 16
    },
    {
      "id": "s2",
      "type": "s2",
      "default_duration": 16
    },
    {
      "id": "s3",
      "type": "s3",
      "default_duration": 16
    },
    {
      "id": "s4",
      "type": "s4",
      "default_duration": 16
    },
    {
      "id": "s5",
      "type": "s5",
      "default_duration": 16
    },
    {
      "id": "s6",
      "type": "s6",
      "default_duration": 16
    }
  ]
}