{
  "metadata": {
    "cost_components": {
      "travel_time": 1,
      "total_tardiness": 1,
      "highest_tardiness": 1
    },
    "area": null,
    "name": "InstanzCPLEX_HCSRP_10_1",
    "origin": "mankowska"
  },
  "distances": [
    [
      0.0,
      38.471,
      34.886,
      55.946,
      7.28,
      23.345,
      71.47,
      32.527,
      13.038,
      26.401,
      88.888
    ],
    [
      38.471,
      0.0,
      23.087,
      21.401,
      32.016,
      31.828,
      34.0,
      32.65,
      45.277,
      57.454,
      56.859
    ],
    [
      34.886,
      23.087,
      0.0,
      43.829,
      27.785,
      15.033,
      53.038,
      10.63,
      46.615,
      42.755,
      54.918
    ],
    [
      55.946,
      21.401,
      43.829,
      0.0,
      50.606,
      53.151,
      17.029,
      53.852,
      59.228,
      77.801,
      59.641
    ],
    [
      7.28,
      32.016,
      27.785,
      50.606,
      0.0,
      17.493,
      65.552,
      26.401,
      19.105,
      28.425,
      81.609
    ],
    [
      23.345,
      31.828,
      15.033,
      53.151,
      17.493,
      0.0,
      65.0,
      9.22,
      36.235,
      27.893,
      69.584
    ],
    [
      71.47,
      34.0,
      53.038,
      17.029,
      65.552,
      65.0,
      0.0,
      63.64,
      75.802,
      91.417,
      50.922
    ],
    [
      32.527,
      32.65,
      10.63,
      53.852,
      26.401,
      9.22,
      63.64,
      0.0,
      45.343,
      34.015,
      62.073
    ],
    [
      13.038,
      45.277,
      46.615,
      59.228,
      19.105,
      36.235,
      75.802,
      45.343,
      0.0,
      35.228,
      99.161
    ],
    [
      26.401,
      57.454,
      42.755,
      77.801,
      28.425,
      27.893,
      91.417,
      34.015,
      35.228,
      0.0,
      96.021
    ],
    [
      88.888,
      56.859,
      54.918,
      59.641,
      81.609,
      69.584,
      50.922,
      62.073,
      99.161,
      96.021,
      0.0
    ]
  ],
  "terminal_points": [
    {
      "id": "d",
      "distance_matrix_index": 0,
      "location": [
        85.0,
        26.0
      ]
    }
  ],
  "caregivers": [
    {
      "id": "c1",
      "abilities": [
        "s1",
        "s2",
        "s3"
      ],
      "departing_point": "d",
      "arrival_point": "d"
    },
    {
      "id": "c2",
      "abilities": [
        "s5",
        "s6"
      ],
      "departing_point": "d",
      "arrival_point": "d"
    },
    {
      "id": "c3",
      "abilities": [
        "s4",
        "s5",
        "s6"
      ],
      "departing_point": "d",
      "arrival_point": "d"
    }
  ],
  "patients": [
    {
      "id": "p1",
      "required_services": [
        {
          "service": "s4",
          "duration": 14
        }
      ],
      "distance_matrix_index": 1,
      "time_windows": [
        {
          "start": 345.0,
          "end": 465.0
        }
      ],
      "location": [
        47.0,
        32.0
      ]
    },
    {
      "id": "p2",
      "required_services": [
        {
          "service": "s5",
          "duration": 14
        }
      ],
      "distance_matrix_index": 2,
      "time_windows": [
        {
          "start": 268.0,
          "end": 388.0
        }
      ],
      "location": [
        54.0,
        10.0
      ]
    },
    {
      "id": "p3",
      "required_services": [
        {
          "service": "s2",
          "duration": 14
        }
      ],
      "distance_matrix_index": 3,
      "time_windows": [
        {
          "start": 247.0,
          "end": 367.0
        }
      ],
      "location": [
        34.0,
        49.0
      ]
    },
    {
      "id": "p4",
      "required_services": [
        {
          "service": "s4",
          "duration": 14
        }
      ],
      "distance_matrix_index": 4,
      "time_windows": [
        {
          "start": 393.0,
          "end": 513.0
        }
      ],
      "location": [
        78.0,
        24.0
      ]
    },
    {
      "id": "p5",
      "required_services": [
        {
          "service": "s3",
          "duration": 14
        }
      ],
      "distance_matrix_index": 5,
      "time_windows": [
        {
          "start": 254.0,
          "end": 374.0
        }
      ],
      "location": [
        69.0,
        9.0
      ]
    },
    {
      "id": "p6",
      "required_services": [
        {
          "service": "s5",
          "duration": 14
        }
      ],
      "distance_matrix_index": 6,
      "time_windows": [
        {
          "start": 184.0,
          "end": 304.0
        }
      ],
      "location": [
        17.0,
        48.0
      ]
    },
    {
      "id": "p7",
      "required_services": [
        {
          "service": "s3",
          "duration": 14
        }
      ],
      "distance_matrix_index": 7,
      "time_windows": [
        {
          "start": 434.0,
          "end": 554.0
        }
      ],
      "location": [
        62.0,
        3.0
      ]
    },
    {
      "id": "p8",
      "required_services": [
        {
          "service": "s5",
          "duration": 14
        },
        {
          "service": "s6",
          "duration": 14
        }
      ],
      "distance_matrix_index": 8,
      "time_windows": [
        {
          "start": 46.0,
          "end": 166.0
        }
      ],
      "location": [
        92.0,
        37.0
      ],
      "synchronization": {
        "type": "simultaneous"
      }
    },
    {
      "id": "p9",
      "required_services": [
        {
          "service": "s1",
          "duration": 14
        },
        {
          "service": "s4",
          "duration": 14
        }
      ],
      "distance_matrix_index": 9,
      "time_windows": [
        {
          "start": 298.0,
          "end": 418.0
        }
      ],
      "location": [
        96.0,
        2.0
      ],
      "synchronization": {
        "type": "sequential",
        "distance": {
          "min": 51,
          "max": 102
        }
      }
    },
    {
      "id": "p10",
      "required_services": [
        {
          "service": "s3",
          "duration": 14
        },
        {
          "service": "s6",
          "duration": 14
        }
      ],
      "distance_matrix_index": 10,
      "time_windows": [
        {
          "start": 148.0,
          "end": 268.0
        }
      ],
      "location": [
        0.0,
        0.0
      ],
      "synchronization": {
        "type": "sequential",
        "distance": {
          "min": 8,
          "max": 16
        }
      }
    }
  ],
  "services": [
    {
      "id": "s1",
      "type": "s1",
      "default_duration": 14
    },
    {
      "id": "s2",
      "type": "s2",
      "default_duration": 14
    },
    {
      "id": "s3",
      "type": "s3",
      "default_duration": 14
    },
    {
      "id": "s4",
      "type": "s4",
      "default_duration": 14
    },
    {
      "id": "s5",
      "type": "s5",
      "default_duration": 14
    },
    {
      "id": "s6",
      "type": "s6",
      "default_duration": 14
    }
  ]
}