{
  "metadata": {
    "cost_components": {
      "travel_time": 1,
      "total_tardiness": 1,
      "highest_tardiness": 1
    },
    "area": null,
    "name": "InstanzCPLEX_HCSRP_10_7",
    "origin": "mankowska"
  },
  "distances": [
    [
      0.0,
      52.202,
      44.911,
      52.01,
      27.785,
      52.345,
      28.16,
      72.422,
      29.682,
      42.45,
      55.317
    ],
    [
      52.202,
      0.0,
      10.296,
      28.601,
      35.511,
      87.321,
      78.447,
      26.0,
      24.083,
      79.076,
      88.323
    ],
    [
      44.911,
      10.296,
      0.0,
      34.176,
      33.541,
      85.094,
      72.25,
      36.249,
      20.248,
      76.243,
      86.539
    ],
    [
      52.01,
      28.601,
      34.176,
      0.0,
      24.759,
      68.066,
      71.021,
      27.019,
      25.962,
      61.814,
      68.007
    ],
    [
      27.785,
      35.511,
      33.541,
      24.759,
      0.0,
      51.923,
      46.957,
      48.466,
      13.601,
      43.566,
      53.141
    ],
    [
      52.345,
      87.321,
      85.094,
      68.066,
      51.923,
      0.0,
      35.903,
      95.084,
      64.846,
      9.899,
      4.0
    ],
    [
      28.16,
      78.447,
      72.25,
      71.021,
      46.957,
      35.903,
      0.0,
      95.341,
      54.571,
      28.018,
      39.812
    ],
    [
      72.422,
      26.0,
      36.249,
      27.019,
      48.466,
      95.084,
      95.341,
      0.0,
      42.802,
      88.685,
      95.0
    ],
    [
      29.682,
      24.083,
      20.248,
      25.962,
      13.601,
      64.846,
      54.571,
      42.802,
      0.0,
      56.045,
      66.31
    ],
    [
      42.45,
      79.076,
      76.243,
      61.814,
      43.566,
      9.899,
      28.018,
      88.685,
      56.045,
      0.0,
      13.038
    ],
    [
      55.317,
      88.323,
      86.539,
      68.007,
      53.141,
      4.0,
      39.812,
      95.0,
      66.31,
      13.038,
      0.0
    ]
  ],
  "terminal_points": [
    {
      "id": "d",
      "distance_matrix_index": 0,
      "location": [
        36.0,
        42.0
      ]
    }
  ],
  "caregivers": [
    {
      "id": "c1",
      "abilities": [
        "s1",
        "s2",
        "s3"
      ],
      "departing_point": "d",
      "arrival_point": "d"
    },
    {
      "id": "c2",
      "abilities": [
        "s6"
      ],
      "departing_point": "d",
      "arrival_point": "d"
    },
    {
      "id": "c3",
      "abilities": [
        "s4",
        "s5",
        "s6"
      ],
      "departing_point": "d",
      "arrival_point": "d"
    }
  ],
  "patients": [
    {
      "id": "p1",
      "required_services": [
        {
          "service": "s5",
          "duration": 12
        }
      ],
      "distance_matrix_index": 1,
      "time_windows": [
        {
          "start": 76.0,
          "end": 196.0
        }
      ],
      "location": [
        85.0,
        24.0
      ]
    },
    {
      "id": "p2",
      "required_services": [
        {
          "service": "s3",
          "duration": 12
        }
      ],
      "distance_matrix_index": 2,
      "time_windows": [
        {
          "start": 44.0,
          "end": 164.0
        }
      ],
      "location": [
        80.0,
        33.0
      ]
    },
    {
      "id": "p3",
      "required_services": [
        {
          "service": "s4",
          "duration": 12
        }
      ],
      "distance_matrix_index": 3,
      "time_windows": [
        {
          "start": 45.0,
          "end": 165.0
        }
      ],
      "location": [
        68.0,
        1.0
      ]
    },
    {
      "id": "p4",
      "required_services": [
        {
          "service": "s5",
          "duration": 12
        }
      ],
      "distance_matrix_index": 4,
      "time_windows": [
        {
          "start": 124.0,
          "end": 244.0
        }
      ],
      "location": [
        50.0,
        18.0
      ]
    },
    {
      "id": "p5",
      "required_services": [
        {
          "service": "s5",
          "duration": 12
        }
      ],
      "distance_matrix_index": 5,
      "time_windows": [
        {
          "start": 100.0,
          "end": 220.0
        }
      ],
      "location": [
        0.0,
        4.0
      ]
    },
    {
      "id": "p6",
      "required_services": [
        {
          "service": "s5",
          "duration": 12
        }
      ],
      "distance_matrix_index": 6,
      "time_windows": [
        {
          "start": 334.0,
          "end": 454.0
        }
      ],
      "location": [
        8.0,
        39.0
      ]
    },
    {
      "id": "p7",
      "required_services": [
        {
          "service": "s5",
          "duration": 12
        }
      ],
      "distance_matrix_index": 7,
      "time_windows": [
        {
          "start": 448.0,
          "end": 568.0
        }
      ],
      "location": [
        95.0,
        0.0
      ]
    },
    {
      "id": "p8",
      "required_services": [
        {
          "service": "s4",
          "duration": 12
        },
        {
          "service": "s6",
          "duration": 12
        }
      ],
      "distance_matrix_index": 8,
      "time_windows": [
        {
          "start": 329.0,
          "end": 449.0
        }
      ],
      "location": [
        61.0,
        26.0
      ],
      "synchronization": {
        "type": "simultaneous"
      }
    },
    {
      "id": "p9",
      "required_services": [
        {
          "service": "s1",
          "duration": 12
        },
        {
          "service": "s4",
          "duration": 12
        }
      ],
      "distance_matrix_index": 9,
      "time_windows": [
        {
          "start": 450.0,
          "end": 570.0
        }
      ],
      "location": [
        7.0,
        11.0
      ],
      "synchronization": {
        "type": "sequential",
        "distance": {
          "min": 42,
          "max": 84
        }
      }
    },
    {
      "id": "p10",
      "required_services": [
        {
          "service": "s1",
          "duration": 12
        },
        {
          "service": "s4",
          "duration": 12
        }
      ],
      "distance_matrix_index": 10,
      "time_windows": [
        {
          "start": 174.0,
          "end": 294.0
        }
      ],
      "location": [
        0.0,
        0.0
      ],
      "synchronization": {
        "type": "sequential",
        "distance": {
          "min": 41,
          "max": 82
        }
      }
    }
  ],
  "services": [
    {
      "id": "s1",
      "type": "s1",
      "default_duration": 12
    },
    {
      "id": "s2",
      "type": "s2",
      "default_duration": 30
    },
    {
      "id": "s3",
      "type": "s3",
      "default_duration": 12
    },
    {
      "id": "s4",
      "type": "s4",
      "default_duration": 12
    },
    {
      "id": "s5",
      "type": "s5",
      "default_duration": 12
    },
    {
      "id": "s6",
      "type": "s6",
      "default_duration": 12
    }
  ]
}